IN->HIDDEN Conductance (Siemens), theta=0.0, g_min=1e-06, g_max=1e-04
Row 0: 1e-06 1e-06 1.388235294e-06 1e-06 1.776470588e-06 6.047058824e-06 1.388235294e-06 6.047058824e-06 0.0001
Row 1: 1e-06 1e-06 1.388235294e-06 1e-06 1.776470588e-06 6.047058824e-06 1.388235294e-06 6.047058824e-06 0.0001
Row 2: 1e-06 1e-06 1e-06 1e-06 1e-06 1.388235294e-06 1e-06 1.388235294e-06 2.164705882e-06
Row 3: 1e-06 1e-06 1.388235294e-06 1e-06 1.776470588e-06 6.047058824e-06 1.388235294e-06 6.047058824e-06 0.0001
Row 4: 1e-06 1e-06 1e-06 1e-06 1.388235294e-06 1.776470588e-06 1e-06 1.776470588e-06 7.988235294e-06
Row 5: 1e-06 1e-06 1e-06 1e-06 1e-06 1e-06 1e-06 1e-06 1.776470588e-06
Row 6: 1e-06 1e-06 1e-06 1e-06 1e-06 1.388235294e-06 1e-06 1.388235294e-06 2.164705882e-06
Row 7: 1e-06 1e-06 1e-06 1e-06 1e-06 1e-06 1e-06 1e-06 1.776470588e-06
Row 8: 1e-06 1e-06 1e-06 1e-06 1e-06 1e-06 1e-06 1e-06 1.388235294e-06
Row 9: 1e-06 1e-06 1.388235294e-06 1e-06 1.776470588e-06 6.047058824e-06 1.388235294e-06 6.047058824e-06 0.0001
Row 10: 1e-06 1e-06 1.388235294e-06 1e-06 1.776470588e-06 6.047058824e-06 1.388235294e-06 6.047058824e-06 0.0001
Row 11: 1e-06 1e-06 1e-06 1e-06 1e-06 1.388235294e-06 1e-06 1.388235294e-06 2.164705882e-06

HIDDEN->OUT Conductance (Siemens), theta=0.0, g_min=1e-06, g_max=1e-04
Row 0: 1e-06 1e-06 1e-06 1e-06
Row 1: 1e-06 1e-06 1e-06 1e-06
Row 2: 1.388235294e-06 1e-06 1e-06 1.388235294e-06
Row 3: 1e-06 1e-06 1e-06 1e-06
Row 4: 1.776470588e-06 1e-06 1e-06 1.776470588e-06
Row 5: 6.047058824e-06 1e-06 1e-06 6.047058824e-06
Row 6: 1.388235294e-06 1e-06 1e-06 1.388235294e-06
Row 7: 6.047058824e-06 1e-06 1e-06 6.047058824e-06
Row 8: 0.0001 1.776470588e-06 1.776470588e-06 0.0001
Row 9: 5.069411765e-05 5.069411765e-05 5.069411765e-05 5.069411765e-05
Row 10: 5.069411765e-05 5.069411765e-05 5.069411765e-05 5.069411765e-05
Row 11: 5.069411765e-05 5.069411765e-05 5.069411765e-05 5.069411765e-05
